N° Exercice	N° Porte	Condition	Type de porte	Largeur de porte	Hauteur de porte	Reponse	Corpulence utilisateur			Corpulence docteur			Difference de corpulence			Temps de reponse
1	1	1	1	3.666667	15	1	77.94	85.04	89.46	57.36	80.75	79.37	-26.40493	-5.044686	-11.27878	1.507
1	2	1	1	2.5	16.66667	1	77.94	85.04	89.46	57.36	80.75	79.37	-26.40493	-5.044686	-11.27878	0.543
1	3	1	1	4.833333	15.41667	0	77.94	85.04	89.46	57.36	80.75	79.37	-26.40493	-5.044686	-11.27878	0.219
1	4	1	1	3.666667	15	1	77.94	85.04	89.46	57.36	80.75	79.37	-26.40493	-5.044686	-11.27878	0.216
1	5	1	1	3.666667	18.75	0	77.94	85.04	89.46	57.36	80.75	79.37	-26.40493	-5.044686	-11.27878	0.217
1	6	1	1	2.5	18.33333	1	77.94	85.04	89.46	57.36	80.75	79.37	-26.40493	-5.044686	-11.27878	0.109
1	7	1	1	3.666667	15.83333	1	77.94	85.04	89.46	57.36	80.75	79.37	-26.40493	-5.044686	-11.27878	0.545
1	8	1	1	4.833333	15.83333	1	77.94	85.04	89.46	57.36	80.75	79.37	-26.40493	-5.044686	-11.27878	1.439
1	9	1	1	3.666667	18.33333	1	77.94	85.04	89.46	57.36	80.75	79.37	-26.40493	-5.044686	-11.27878	0.338
1	10	1	1	2.5	18.33333	0	77.94	85.04	89.46	57.36	80.75	79.37	-26.40493	-5.044686	-11.27878	0.219
1	11	1	1	4.833333	18.33333	1	77.94	85.04	89.46	57.36	80.75	79.37	-26.40493	-5.044686	-11.27878	0.111
1	12	1	1	4.833333	17.5	1	77.94	85.04	89.46	57.36	80.75	79.37	-26.40493	-5.044686	-11.27878	0.215
1	13	1	1	4.833333	19.58333	0	77.94	85.04	89.46	57.36	80.75	79.37	-26.40493	-5.044686	-11.27878	0.216
1	14	1	1	3.666667	19.16667	1	77.94	85.04	89.46	57.36	80.75	79.37	-26.40493	-5.044686	-11.27878	0.109
1	15	1	1	4.833333	17.5	1	77.94	85.04	89.46	57.36	80.75	79.37	-26.40493	-5.044686	-11.27878	0.219
1	16	1	1	2.5	19.16667	0	77.94	85.04	89.46	57.36	80.75	79.37	-26.40493	-5.044686	-11.27878	0.217
1	17	1	1	2.5	18.75	1	77.94	85.04	89.46	57.36	80.75	79.37	-26.40493	-5.044686	-11.27878	0.109
1	18	1	1	3.666667	15.83333	1	77.94	85.04	89.46	57.36	80.75	79.37	-26.40493	-5.044686	-11.27878	0.11
1	19	1	1	2.5	15.83333	1	77.94	85.04	89.46	57.36	80.75	79.37	-26.40493	-5.044686	-11.27878	0.216
1	20	1	1	3.666667	18.75	0	77.94	85.04	89.46	57.36	80.75	79.37	-26.40493	-5.044686	-11.27878	0.215
1	21	1	1	2.5	17.08333	1	77.94	85.04	89.46	57.36	80.75	79.37	-26.40493	-5.044686	-11.27878	0.109
1	22	1	1	3.666667	17.91667	1	77.94	85.04	89.46	57.36	80.75	79.37	-26.40493	-5.044686	-11.27878	0.109
1	23	1	1	3.666667	17.08333	1	77.94	85.04	89.46	57.36	80.75	79.37	-26.40493	-5.044686	-11.27878	0.219
1	24	1	1	4.833333	17.08333	1	77.94	85.04	89.46	57.36	80.75	79.37	-26.40493	-5.044686	-11.27878	0.108
1	25	1	1	4.833333	19.58333	1	77.94	85.04	89.46	57.36	80.75	79.37	-26.40493	-5.044686	-11.27878	0.109
1	26	1	1	2.5	17.08333	1	77.94	85.04	89.46	57.36	80.75	79.37	-26.40493	-5.044686	-11.27878	0.107
1	27	1	1	2.5	17.91667	0	77.94	85.04	89.46	57.36	80.75	79.37	-26.40493	-5.044686	-11.27878	0.109
1	28	1	1	3.666667	17.08333	1	77.94	85.04	89.46	57.36	80.75	79.37	-26.40493	-5.044686	-11.27878	0.109
1	29	1	1	2.5	19.58333	1	77.94	85.04	89.46	57.36	80.75	79.37	-26.40493	-5.044686	-11.27878	0.109
1	30	1	1	4.833333	15	0	77.94	85.04	89.46	57.36	80.75	79.37	-26.40493	-5.044686	-11.27878	0.109
1	31	1	1	3.666667	15.41667	1	77.94	85.04	89.46	57.36	80.75	79.37	-26.40493	-5.044686	-11.27878	0.108
1	32	1	1	4.833333	16.66667	1	77.94	85.04	89.46	57.36	80.75	79.37	-26.40493	-5.044686	-11.27878	0.11
1	33	1	1	3.666667	19.58333	1	77.94	85.04	89.46	57.36	80.75	79.37	-26.40493	-5.044686	-11.27878	0.216
1	34	1	1	3.666667	17.91667	1	77.94	85.04	89.46	57.36	80.75	79.37	-26.40493	-5.044686	-11.27878	0.219
1	35	1	1	2.5	15	1	77.94	85.04	89.46	57.36	80.75	79.37	-26.40493	-5.044686	-11.27878	0.216
1	36	1	1	4.833333	18.33333	0	77.94	85.04	89.46	57.36	80.75	79.37	-26.40493	-5.044686	-11.27878	0.109
1	37	1	1	4.833333	17.91667	1	77.94	85.04	89.46	57.36	80.75	79.37	-26.40493	-5.044686	-11.27878	0.108
1	38	1	1	3.666667	16.66667	0	77.94	85.04	89.46	57.36	80.75	79.37	-26.40493	-5.044686	-11.27878	0.107
1	39	1	1	4.833333	19.16667	1	77.94	85.04	89.46	57.36	80.75	79.37	-26.40493	-5.044686	-11.27878	0.108
1	40	1	1	3.666667	19.58333	1	77.94	85.04	89.46	57.36	80.75	79.37	-26.40493	-5.044686	-11.27878	0.109
1	41	1	1	2.5	16.25	1	77.94	85.04	89.46	57.36	80.75	79.37	-26.40493	-5.044686	-11.27878	0.217
1	42	1	1	2.5	15	1	77.94	85.04	89.46	57.36	80.75	79.37	-26.40493	-5.044686	-11.27878	0.217
1	43	1	1	2.5	16.66667	0	77.94	85.04	89.46	57.36	80.75	79.37	-26.40493	-5.044686	-11.27878	0.11
1	44	1	1	2.5	15.83333	1	77.94	85.04	89.46	57.36	80.75	79.37	-26.40493	-5.044686	-11.27878	0.107
1	45	1	1	4.833333	16.66667	0	77.94	85.04	89.46	57.36	80.75	79.37	-26.40493	-5.044686	-11.27878	0.111
1	46	1	1	4.833333	19.16667	1	77.94	85.04	89.46	57.36	80.75	79.37	-26.40493	-5.044686	-11.27878	0.106
1	47	1	1	3.666667	18.33333	0	77.94	85.04	89.46	57.36	80.75	79.37	-26.40493	-5.044686	-11.27878	0.108
1	48	1	1	3.666667	15.41667	1	77.94	85.04	89.46	57.36	80.75	79.37	-26.40493	-5.044686	-11.27878	0.108
1	49	1	1	2.5	17.5	0	77.94	85.04	89.46	57.36	80.75	79.37	-26.40493	-5.044686	-11.27878	0.108
1	50	1	1	2.5	18.75	1	77.94	85.04	89.46	57.36	80.75	79.37	-26.40493	-5.044686	-11.27878	0.108
1	51	1	1	2.5	17.5	1	77.94	85.04	89.46	57.36	80.75	79.37	-26.40493	-5.044686	-11.27878	0.109
1	52	1	1	4.833333	18.75	0	77.94	85.04	89.46	57.36	80.75	79.37	-26.40493	-5.044686	-11.27878	0.215
1	53	1	1	4.833333	16.25	1	77.94	85.04	89.46	57.36	80.75	79.37	-26.40493	-5.044686	-11.27878	0.109
1	54	1	1	2.5	17.91667	0	77.94	85.04	89.46	57.36	80.75	79.37	-26.40493	-5.044686	-11.27878	0.107
1	55	1	1	3.666667	16.66667	1	77.94	85.04	89.46	57.36	80.75	79.37	-26.40493	-5.044686	-11.27878	0.109
1	56	1	1	2.5	16.25	1	77.94	85.04	89.46	57.36	80.75	79.37	-26.40493	-5.044686	-11.27878	0.108
1	57	1	1	2.5	15.41667	1	77.94	85.04	89.46	57.36	80.75	79.37	-26.40493	-5.044686	-11.27878	0.216
1	58	1	1	3.666667	16.25	1	77.94	85.04	89.46	57.36	80.75	79.37	-26.40493	-5.044686	-11.27878	0.218
1	59	1	1	2.5	19.58333	0	77.94	85.04	89.46	57.36	80.75	79.37	-26.40493	-5.044686	-11.27878	0.11
1	60	1	1	2.5	19.16667	1	77.94	85.04	89.46	57.36	80.75	79.37	-26.40493	-5.044686	-11.27878	0.108
1	61	1	1	3.666667	17.5	0	77.94	85.04	89.46	57.36	80.75	79.37	-26.40493	-5.044686	-11.27878	0.108
1	62	1	1	2.5	15.41667	1	77.94	85.04	89.46	57.36	80.75	79.37	-26.40493	-5.044686	-11.27878	0.107
1	63	1	1	4.833333	15	0	77.94	85.04	89.46	57.36	80.75	79.37	-26.40493	-5.044686	-11.27878	0.111
1	64	1	1	3.666667	19.16667	1	77.94	85.04	89.46	57.36	80.75	79.37	-26.40493	-5.044686	-11.27878	0.107
1	65	1	1	4.833333	18.75	0	77.94	85.04	89.46	57.36	80.75	79.37	-26.40493	-5.044686	-11.27878	0.109
1	66	1	1	4.833333	17.08333	1	77.94	85.04	89.46	57.36	80.75	79.37	-26.40493	-5.044686	-11.27878	0.109
1	67	1	1	4.833333	16.25	1	77.94	85.04	89.46	57.36	80.75	79.37	-26.40493	-5.044686	-11.27878	0.108
1	68	1	1	3.666667	16.25	1	77.94	85.04	89.46	57.36	80.75	79.37	-26.40493	-5.044686	-11.27878	0.217
1	69	1	1	4.833333	15.83333	1	77.94	85.04	89.46	57.36	80.75	79.37	-26.40493	-5.044686	-11.27878	0.217
1	70	1	1	3.666667	17.5	1	77.94	85.04	89.46	57.36	80.75	79.37	-26.40493	-5.044686	-11.27878	0.218
1	71	1	1	4.833333	15.41667	1	77.94	85.04	89.46	57.36	80.75	79.37	-26.40493	-5.044686	-11.27878	0.218
1	72	1	1	4.833333	17.91667	0	77.94	85.04	89.46	57.36	80.75	79.37	-26.40493	-5.044686	-11.27878	0.215
